0000000000000000000000000
0000000000000000001000000
0000000000000000100000000
0000000000000000101000000
0000000000001000000000000
0000000000001000001000000
0000000000001000100000000
0000000000001000101000000
0000000010000000000000000
0000000010000000001000000
0000000010000000100000000
0000000010000000101000000
0000000010001000000000000
0000000010001000001000000
0000000010001000100000000
0000000010001000101000000
0000001000000000000000000
0000001000000000001000000
0000001000000000100000000
0000001000000000101000000
0000001000001000000000000
0000001000001000001000000
0000001000001000100000000
0000001000001000101000000
0000001010000000000000000
0000001010000000001000000
0000001010000000100000000
0000001010000000101000000
0000001010001000000000000
0000001010001000001000000
0000001010001000100000000
0000001010001000101000000
